lat=53.684562
lng=23.840140